100-99:
3	2	2	1	
3	0	1	1	
2	1	0	1	
1	1	0	1	
1	1	0	1	
100-100:
0	0	1	1	
0	1	1	0	
0	0	1	0	
0	0	1	0	
0	0	1	0	
100-200:
0	1	1	0	
0	1	1	1	
0	1	1	0	
0	1	0	1	
1	0	1	0	
100-500:
0	1	1	0	
0	1	1	1	
1	0	1	1	
0	1	1	0	
0	1	0	1	
100-1000:
1	1	1	0	
0	1	1	1	
0	1	1	1	
1	0	1	1	
0	0	1	1	
100-2000:
0	2	1	1	
0	1	1	0	
0	1	0	0	
0	0	1	0	
0	1	1	0	
100-4000:
0	2	0	1	
0	2	1	1	
0	2	0	1	
0	2	0	0	
1	1	1	0	
100-4950:
0	2	0	1	
0	2	0	1	
0	1	0	1	
0	2	0	0	
0	1	0	1	
1000-999:
10	1	0	1	
9	1	1	0	
9	1	0	0	
9	1	0	0	
9	1	0	1	
1000-1000:
9	1	0	0	
9	1	0	1	
9	1	0	0	
9	0	1	0	
10	0	0	1	
1000-2000:
9	1	0	1	
10	0	1	0	
9	1	0	1	
9	0	1	0	
9	0	1	0	
1000-5000:
9	1	0	1	
10	1	0	2	
9	2	0	2	
9	2	0	1	
10	1	1	1	
1000-10000:
10	3	1	2	
8	3	1	1	
8	3	1	2	
8	3	1	2	
8	3	1	2	
1000-50000:
8	22	2	5	
8	22	2	5	
8	22	2	5	
8	21	3	5	
8	22	2	5	
1000-100000:
8	54	6	10	
8	50	5	9	
8	49	5	10	
9	50	5	20	
8	50	4	9	
1000-200000:
8	133	16	26	
8	135	17	27	
8	133	16	26	
9	131	16	24	
8	134	15	24	
1000-400000:
9	355	43	61	
8	355	45	64	
8	362	43	60	
8	343	32	55	
9	360	42	61	
1000-499500:
13	483	55	79	
13	480	55	78	
13	452	53	78	
13	451	53	79	
13	481	51	75	
10000-9999:
854	4	4	4	
951	3	4	4	
1312	4	3	4	
946	4	3	4	
855	4	3	4	
10000-10000:
849	3	4	3	
853	3	4	3	
988	3	4	3	
850	3	4	4	
852	3	4	4	
10000-20000:
1022	8	6	8	
858	8	7	7	
859	9	6	8	
993	8	7	7	
859	8	7	7	
10000-50000:
852	23	10	19	
968	23	9	19	
850	23	10	19	
851	23	10	20	
961	23	10	21	
10000-100000:
853	50	12	31	
859	54	14	27	
957	55	12	32	
843	47	13	25	
859	54	13	26	
10000-500000:
957	489	42	133	
989	490	42	127	
773	456	74	122	
858	476	75	122	
965	486	42	127	
10000-1000000:
762	1144	142	221	
859	1162	146	227	
856	1151	141	212	
1601	1197	70	211	
979	1184	72	205	
10000-5000000:
1123	7985	309	943	
789	7925	326	899	
860	8157	617	990	
766	8267	705	1597	
3587	8165	314	918	
10000-10000000:
859	18782	1097	4208	
856	18464	856	2838	
860	18459	706	1716	
5805	18539	659	1746	
1243	18508	660	1761	
10000-20000000:
859	43875	1625	4059	
854	42594	1614	17145	
855	43906	1585	7500	
856	43299	1545	7500	
860	43258	1569	19327	
10000-40000000:
855	123094	3036	8736	
15543	106194	4253	10761	
849	123647	4889	9222	
16429	105455	3992	11311	
858	124155	4906	9077	
